1993.0115260  -37.91
1993.0386920  -40.95
1993.0658580  -41.09
1993.0930250  -43.38
1993.1201910  -38.66
1993.1473570  -35.75
1993.1745230  -34.13
1993.2016890  -34.79
1993.2288550  -35.91
1993.2560210  -38.21
1993.2831880  -38.16
1993.3103540  -33.80
1993.3375200  -35.02
1993.3646860  -37.97
1993.3918520  -38.80
1993.4190180  -38.31
1993.4461850  -35.89
1993.4733510  -32.30
1993.5005170  -32.44
1993.5276830  -32.35
1993.5548490  -34.62
1993.5820150  -34.19
1993.6091810  -32.40
1993.6363480  -28.58
1993.6635140  -26.10
1993.6906800  -27.21
1993.7178460  -29.89
1993.7450120  -27.09
1993.7721780  -24.43
1993.7993450  -26.68
1993.8265110  -27.44
1993.8536770  -27.52
1993.8808430  -30.15
1993.9080090  -30.83
1993.9351750  -28.03
1993.9623410  -25.14
1993.9895080  -27.51
1994.0166740  -33.47
1994.0438400  -32.06
1994.0710060  -30.23
1994.0981720  -33.39
1994.1253380  -35.07
1994.1525050  -34.28
1994.1796710  -29.84
1994.2068370  -30.85
1994.2340030  -30.31
1994.2611690  -30.30
1994.2883350  -30.32
1994.3155010  -31.28
1994.3426680  -33.83
1994.3698340  -35.17
1994.3970000  -37.19
1994.4241660  -33.33
1994.4513320  -30.98
1994.4784980  -33.62
1994.5056640  -36.04
1994.5328310  -32.28
1994.5599970  -30.47
1994.5871630  -27.13
1994.6143290  -26.60
1994.6414950  -24.50
1994.6686610  -22.88
1994.6958280  -22.61
1994.7229940  -23.36
1994.7501600  -23.53
1994.7773260  -22.20
1994.8044920  -20.50
1994.8316580  -22.10
1994.8588240  -21.13
1994.8859910  -26.03
1994.9131570  -27.96
1994.9403230  -23.47
1994.9674890  -22.49
1994.9946550  -23.93
1995.0218210  -24.74
1995.0489880  -26.12
1995.0761540  -22.89
1995.1033200  -26.78
1995.1304860  -30.93
1995.1576520  -27.86
1995.1848180  -25.27
1995.2119840  -23.32
1995.2391510  -28.77
1995.2663170  -27.47
1995.2934830  -26.96
1995.3206490  -29.11
1995.3478150  -30.26
1995.3749810  -30.83
1995.4021480  -28.48
1995.4293140  -25.24
1995.4564800  -27.76
1995.4836460  -30.55
1995.5108120  -32.02
1995.5379780  -31.76
1995.5651440  -27.95
1995.5923110  -25.43
1995.6194770  -22.51
1995.6466430  -22.93
1995.6738090  -21.86
1995.7009750  -17.63
1995.7281410  -12.17
1995.7553070  -17.21
1995.7824740  -19.02
1995.8096400  -20.82
1995.8368060  -21.56
1995.8639720  -21.80
1995.8911380  -19.06
1995.9183040  -34.75
1995.9454710  -23.26
1995.9726370  -19.53
1995.9998030  -24.21
1996.0268950  -26.43
1996.0539870  -26.84
1996.0810790  -27.93
1996.1081710  -23.79
1996.1352630  -23.79
1996.1623550  -23.23
1996.1894470  -26.41
1996.2165390  -24.01
1996.2436310  -24.22
1996.2707230  -30.70
1996.2978150  -31.53
1996.3249070  -31.53
1996.3519980  -29.86
1996.3790900  -29.93
1996.4061820  -27.93
1996.4332740  -28.79
1996.4603660  -28.64
1996.4874580  -29.95
1996.5145500  -27.62
1996.5416420  -24.93
1996.5687340  -21.17
1996.5958260  -22.95
1996.6229180  -25.00
1996.6500100  -24.74
1996.6771020  -26.09
1996.7041940  -19.93
1996.7312850  -17.44
1996.7583770  -17.09
1996.7854690  -16.72
1996.8125610  -16.29
1996.8396530  -12.63
1996.8667450  -16.06
1996.8938370  -22.31
1996.9209290  -22.55
1996.9480210  -23.52
1996.9751130  -28.74
1997.0022110  -27.95
1997.0293770  -24.53
1997.0565430  -26.86
1997.0837090  -26.28
1997.1108750  -26.37
1997.1380420  -27.25
1997.1652080  -26.29
1997.1923740  -26.19
1997.2195400  -25.14
1997.2467060  -24.31
1997.2738720  -26.03
1997.3010380  -28.94
1997.3282050  -26.15
1997.3553710  -22.70
1997.3825370  -26.81
1997.4097030  -25.09
1997.4368690  -26.19
1997.4640350  -28.88
1997.4912020  -24.06
1997.5183680  -20.51
1997.5455340  -16.30
1997.5727000  -17.87
1997.5998660  -16.60
1997.6270320  -16.24
1997.6541980  -14.14
1997.6813650  -11.73
1997.7085310   -7.58
1997.7356970   -8.31
1997.7628630   -9.29
1997.7900290  -11.91
1997.8171950  -10.01
1997.8443620   -7.42
1997.8715280  -13.07
1997.8986940  -15.15
1997.9258600  -15.73
1997.9530260  -19.99
1997.9801920  -17.01
1998.0073580  -18.14
1998.0345250  -16.10
1998.0616910  -17.56
1998.0888570  -20.05
1998.1160230  -19.49
1998.1431890  -19.32
1998.1703550  -22.04
1998.1975210  -19.85
1998.2246880  -21.10
1998.2518540  -22.81
1998.2790200  -19.82
1998.3061860  -20.33
1998.3333520  -20.93
1998.3605180  -24.12
1998.3876850  -27.47
1998.4148510  -29.91
1998.4420170  -28.21
1998.4691830  -26.31
1998.4963490  -22.02
1998.5235150  -23.49
1998.5506810  -26.67
1998.5778480  -25.93
1998.6050140  -22.28
1998.6321800  -22.05
1998.6593460  -19.03
1998.6865120  -18.74
1998.7136780  -20.46
1998.7408450  -20.78
1998.7680110  -20.53
1998.7951770  -19.15
1998.8223430  -17.43
1998.8495090  -21.35
1998.8766750  -23.72
1998.9038410  -26.72
1998.9310080  -19.43
1998.9581740  -23.50
1998.9853400  -22.68
1999.0125060  -25.20
1999.0396720  -23.91
1999.0668380  -26.10
1999.0940050  -26.57
1999.1211710  -17.89
1999.1483370  -22.72
1999.1755030  -23.99
1999.2026690  -25.80
1999.2298350  -24.27
1999.2570010  -23.16
1999.2841680  -23.86
1999.3113340  -26.38
1999.3385000  -26.48
1999.3656660  -26.50
1999.3928320  -28.51
1999.4199980  -26.09
1999.4471640  -27.20
1999.4743310  -25.39
1999.5014970  -24.26
1999.5286630  -23.53
1999.5558290  -23.43
1999.5829950  -19.66
1999.6101610  -20.48
1999.6373280  -15.32
1999.6644940  -16.05
1999.6916600  -16.18
1999.7188260  -11.89
1999.7459920  -12.29
1999.7731580   -8.04
1999.8003240  -10.12
1999.8274910  -13.14
1999.8546570  -16.03
1999.8818230  -13.27
1999.9089890  -13.61
1999.9361550  -14.55
1999.9633210  -12.11
1999.9904880  -14.45
2000.0176050  -16.65
2000.0446970  -14.95
2000.0717890  -13.55
2000.0988810  -16.57
2000.1259730  -19.40
2000.1530650  -17.73
2000.1801570  -19.43
2000.2072490  -20.35
2000.2343410  -13.99
2000.2614330  -18.10
2000.2885250  -20.60
2000.3156170  -21.51
2000.3427090  -23.51
2000.3698010  -21.56
2000.3968920  -20.93
2000.4239840  -20.12
2000.4510760  -20.66
2000.4781680  -22.61
2000.5052600  -20.23
2000.5323520  -17.85
2000.5594440  -18.54
2000.5865360  -17.51
2000.6136280  -15.12
2000.6407200  -13.01
2000.6678120  -15.44
2000.6949040  -13.40
2000.7219960   -5.55
2000.7490880   -3.50
2000.7761790   -3.71
2000.8032710   -8.05
2000.8303630   -7.56
2000.8574550   -6.82
2000.8845470   -7.59
2000.9116390   -8.20
2000.9387310  -13.18
2000.9658230  -15.16
2000.9929150  -11.69
2001.0200620  -11.20
2001.0472280  -10.79
2001.0743940  -12.29
2001.1015600  -14.10
2001.1287260  -17.77
2001.1558920  -13.91
2001.1830590   -9.28
2001.2102250  -14.48
2001.2373910  -11.38
2001.2645570  -13.67
2001.2917230  -12.95
2001.3188890  -15.37
2001.3460550  -15.22
2001.3732220  -13.96
2001.4003880  -14.23
2001.4275540  -16.31
2001.4547200  -17.06
2001.4818860  -10.89
2001.5090520   -7.82
2001.5362180   -6.73
2001.5633850   -9.90
2001.5905510   -5.79
2001.6177170   -9.39
2001.6448830   -7.69
2001.6720490   -4.49
2001.6992150    0.62
2001.7263820    0.87
2001.7535480    0.84
2001.7807140   -4.41
2001.8078800   -6.67
2001.8350460   -1.50
2001.8622120    0.69
2001.8893780   -4.74
2001.9165450   -8.08
2001.9437110   -7.71
2001.9708770   -9.10
2001.9980430   -5.57
2002.0252090   -9.58
2002.0523750   -9.91
2002.0795420   -7.70
2002.1067080  -10.49
2002.1338740   -9.49
2002.1610400   -6.41
2002.1882060  -11.04
2002.2153720  -11.22
2002.2425380  -12.00
2002.2697050  -11.06
2002.2968710  -14.61
2002.3240370  -11.40
2002.3512030  -11.84
2002.3783690  -12.62
2002.4055350  -14.35
2002.4327020  -15.36
2002.4598680  -12.34
2002.4870340  -11.34
2002.5142000  -12.68
2002.5413660  -10.17
2002.5685320   -8.01
2002.5956980   -5.66
2002.6228650   -2.74
2002.6500310   -5.60
2002.6771970   -4.83
2002.7043630   -3.24
2002.7315290   -2.88
2002.7586950   -3.43
2002.7858610   -0.43
2002.8130280    3.45
2002.8401940   -2.40
2002.8673600   -2.40
2002.8945260   -2.05
2002.9216920   -6.01
2002.9488580   -7.20
2002.9760250   -6.94
2003.0031910   -9.37
2003.0303570  -11.69
2003.0575230   -5.12
2003.0846890   -5.12
2003.1118550   -2.81
2003.1390210   -8.77
2003.1661880   -9.61
2003.1933540   -8.92
2003.2205200   -7.43
2003.2476860   -7.56
2003.2748520   -8.13
2003.3020180   -9.88
2003.3291850  -10.60
2003.3563510  -10.35
2003.3835170  -10.80
2003.4106830  -10.75
2003.4378490  -12.60
2003.4650150   -9.59
2003.4921810  -10.98
2003.5193480   -9.77
2003.5465140   -6.33
2003.5736800   -7.47
2003.6008460   -6.26
2003.6280120   -8.06
2003.6551780   -2.08
2003.6823450    0.56
2003.7095110   -0.81
2003.7366770   -1.08
2003.7638430    1.07
2003.7910090   -0.32
2003.8181750    1.76
2003.8453410   -2.03
2003.8725080   -3.35
2003.8996740   -8.02
2003.9268400   -1.83
2003.9540060   -2.83
2003.9811720   -6.67
2004.0083160   -6.44
2004.0354070   -1.75
2004.0624990   -2.20
2004.0895910   -4.58
2004.1166830  -10.81
2004.1437750   -6.38
2004.1708670   -6.09
2004.1979590   -7.89
2004.2250510   -7.45
2004.2521430   -5.60
2004.2792350   -7.97
2004.3063270   -6.46
2004.3334190  -10.20
2004.3605110  -11.83
2004.3876030  -15.45
2004.4146940  -11.89
2004.4417860  -12.41
2004.4688780  -10.41
2004.4959700   -5.22
2004.5230620   -5.03
2004.5501540   -5.04
2004.5772460   -6.28
2004.6043380   -4.69
2004.6314300   -0.83
2004.6585220   -0.03
2004.6856140    1.11
2004.7127060    4.83
2004.7397980    1.23
2004.7668900    1.70
2004.7939810    2.98
2004.8210730    0.29
2004.8481650    0.35
2004.8752570    1.17
2004.9023490   -2.72
2004.9294410    0.07
2004.9565330   -1.99
2004.9836250    2.52
2005.0107460   -4.95
2005.0379120   -5.82
2005.0650790   -2.91
2005.0922450   -1.38
2005.1194110   -1.41
2005.1465770   -3.20
2005.1737430    0.98
2005.2009090    0.33
2005.2280750   -4.84
2005.2552420   -3.86
2005.2824080   -1.18
2005.3095740   -5.83
2005.3367400   -4.20
2005.3639060   -2.99
2005.3910720   -3.31
2005.4182390   -3.14
2005.4454050   -2.90
2005.4725710   -2.40
2005.4997370   -4.17
2005.5269030   -0.89
2005.5540690   -1.99
2005.5812350    1.11
2005.6084020   -0.71
2005.6355680    0.68
2005.6627340    3.51
2005.6899000    4.00
2005.7170660    5.80
2005.7442320    6.43
2005.7713990    6.25
2005.7985650    3.25
2005.8257310    3.96
2005.8528970    7.29
2005.8800630    6.39
2005.9072290    5.72
2005.9343950    3.03
2005.9615620    2.12
2005.9887280    2.62
2006.0158940   -0.28
2006.0430600   -2.51
2006.0702260   -2.57
2006.0973920   -1.92
2006.1245590   -2.92
2006.1517250   -2.43
2006.1788910    0.05
2006.2060570   -5.92
2006.2332230   -3.94
2006.2603890   -4.09
2006.2875550   -5.43
2006.3147220   -5.71
2006.3418880   -5.44
2006.3690540   -3.04
2006.3962200   -1.39
2006.4233860   -2.61
2006.4505520   -1.48
2006.4777180   -1.32
2006.5048850    0.54
2006.5320510    2.76
2006.5592170    2.27
2006.5863830    2.54
2006.6135490    0.13
2006.6407150    3.65
2006.6678820    7.47
2006.6950480    9.03
2006.7222140   10.47
2006.7493800    6.96
2006.7765460    7.47
2006.8037120    9.64
2006.8308780    9.08
2006.8852110    7.55
2006.9123770    3.02
2006.9395430    5.59
2006.9667090    2.51
2006.9938750    3.21
2007.0210420    0.97
2007.0482080   -0.96
2007.0753740   -0.94
2007.1025400   -0.32
2007.1297060    0.05
2007.1568720    3.64
2007.1840380    0.15
2007.2112050   -0.02
2007.2383710   -2.11
2007.2655370    1.10
2007.2927030    1.52
2007.3198690    1.08
2007.3470350   -4.63
2007.3742020   -2.25
2007.4013680   -1.93
2007.4285340   -1.53
2007.4557000   -2.15
2007.4828660   -1.56
2007.5100320   -0.20
2007.5371980   -0.73
2007.5643650   -1.83
2007.5915310   -0.74
2007.6186970    5.47
2007.6458630    3.26
2007.6730290    2.00
2007.7001950    2.74
2007.7273610    6.94
2007.7545280    5.96
2007.7816940    5.61
2007.8088600    7.14
2007.8360260    4.71
2007.8631920    6.82
2007.8903580    8.52
2007.9175250    6.80
2007.9446910    4.90
2007.9718570   -0.15
2007.9990230   -0.85
2008.0261180    0.68
2008.0532100    1.67
2008.0803010    1.68
2008.1073930   -2.06
2008.1344850   -0.47
2008.1615770   -3.69
2008.1886690   -0.51
2008.2157610    0.31
2008.2428530   -2.27
2008.2699450   -2.45
2008.2970370   -2.13
2008.3241290   -4.64
2008.3512210   -3.28
2008.3783130    0.54
2008.4054050    3.66
2008.4324970    2.41
2008.4595880    2.66
2008.4866800    3.96
2008.5137720    4.00
2008.5408640    4.38
2008.5679560    4.66
2008.5950480    4.17
2008.6221400    7.68
2008.6492320    7.27
2008.6763240    7.90
2008.7034160    7.08
2008.7305080    9.32
2008.7576000   10.68
2008.7846920   10.46
2008.8117840   10.16
2008.8388750    8.47
2008.8659670    8.99
2008.8930590    7.69
2008.9201510   11.01
2008.9472430    6.38
2008.9743350    2.97
2009.0014310    4.30
2009.0285970    3.45
2009.0557630    5.91
2009.0829290    3.13
2009.1100960    2.00
2009.1372620    3.69
2009.1644280    4.40
2009.1915940    5.26
2009.2187600    6.05
2009.2459260    4.36
2009.2730920    3.26
2009.3002590    3.87
2009.3274250    2.75
2009.3545910    3.11
2009.3817570    2.26
2009.4089230    1.08
2009.4360890    3.76
2009.4632560    4.18
2009.4904220    2.77
2009.5175880    3.13
2009.5447540    6.63
2009.5719200   11.03
2009.5990860    9.54
2009.6262520   10.65
2009.6534190   12.56
2009.6805850   14.05
2009.7077510   16.39
2009.7349170   16.96
2009.7620830   16.23
2009.7892490   16.84
2009.8164150   18.71
2009.8435820   19.82
2009.8707480   16.10
2009.8979140   16.07
2009.9250800   12.86
2009.9522460    9.87
2009.9794120   14.85
2010.0065790   10.18
2010.0337450    9.90
2010.0609110    8.44
2010.0880770    5.98
2010.1152430    9.74
2010.1424090   12.63
2010.1695750   15.16
2010.1967420    7.62
2010.2239080    8.17
2010.2510740    6.72
2010.2782400    8.16
2010.3054060    7.49
2010.3325720    5.97
2010.3597390    6.34
2010.3869050   10.24
2010.4140710    9.23
2010.4412370    9.76
2010.4684030   10.68
2010.4955690   10.97
2010.5227350    9.15
2010.5499020   10.72
2010.5770680    9.84
2010.6042340    9.21
2010.6314000   11.76
2010.6585660    8.26
2010.6857320   10.41
2010.7128990   11.53
2010.7400650   11.01
2010.7672310    9.87
2010.7943970   14.36
2010.8215630   12.61
2010.8487290   10.53
2010.8758950   10.08
2010.9030620    6.16
2010.9302280    6.29
2010.9573940    6.38
2010.9845600    8.15
2011.0117260    5.32
2011.0388920    3.79
2011.0660590    4.32
2011.0932250    4.67
2011.1203910    4.81
2011.1475570    4.76
2011.1747230    3.90
2011.2018890    3.64
2011.2290550   -0.96
2011.2562220    1.18
2011.2833880    1.79
2011.3105540    1.45
2011.3377200   -2.24
2011.3648860    2.28
2011.3920520    3.43
2011.4192180    2.56
2011.4463850    6.12
2011.4735510    9.18
2011.5007170    6.85
2011.5278830    7.35
2011.5550490    7.31
2011.5822150    9.21
2011.6093820   14.15
2011.6365480   14.87
2011.6637140   16.51
2011.6908800   15.14
2011.7180460   14.13
2011.7452120   16.45
2011.7723780   18.58
2011.7995450   20.02
2011.8267110   14.26
2011.8538770   11.87
2011.8810430   12.56
2011.9082090   15.56
2011.9353750   14.03
2011.9625420   13.14
2011.9897080   12.25
2012.0168280   14.58
2012.0439200   13.63
2012.0710120   15.53
2012.0981040   14.62
2012.1251950   15.49
2012.1522870   14.63
2012.1793790   12.67
2012.2064710   12.17
2012.2335630   12.73
2012.2606550   11.81
2012.2877470   13.06
2012.3148390   13.20
2012.3419310   12.05
2012.3690230   12.50
2012.3961150   11.76
2012.4232070   13.49
2012.4502990   17.60
2012.4773910   15.88
2012.5044820   16.58
2012.5315740   20.82
2012.5586660   22.79
2012.5857580   21.86
2012.6128500   22.90
2012.6399420   19.87
2012.6670340   24.39
2012.6941260   24.88
2012.7212180   28.60
2012.7483100   28.83
2012.7754020   29.12
2012.8024940   26.69
2012.8295860   26.60
2012.8566770   26.82
2012.8837690   25.80
2012.9108610   25.10
2012.9379530   27.89
2012.9650450   23.41
2012.9921370   24.41
2013.0192820   22.42
2013.0464480   21.55
2013.0736140   24.23
2013.1007800   23.50
2013.1279460   21.24
2013.1551130   21.23
2013.1822790   22.50
2013.2094450   21.71
2013.2366110   21.85
2013.2637770   20.17
2013.2909430   15.99
2013.3181090   17.95
2013.3452760   17.70
2013.3724420   15.52
2013.3996080   15.24
2013.4267740   15.54
2013.4539400   15.47
2013.4811060   17.58
2013.5082720   16.77
2013.5354390   17.41
2013.5626050   20.52
2013.5897710   21.40
2013.6169370   18.19
2013.6441030   21.36
2013.6712690   23.54
2013.6984360   25.18
2013.7256020   25.28
2013.7527680   25.79
2013.7799340   24.90
2013.8071000   27.32
2013.8342660   28.00
2013.8614320   26.38
2013.8885990   26.64
2013.9157650   25.57
2013.9429310   20.94
2013.9700970   20.93
2013.9972630   22.28
2014.0244290   21.57
2014.0515960   22.92
2014.0787620   22.17
2014.1059280   22.72
2014.1330940   24.03
2014.1602600   24.73
2014.1874260   24.01
2014.2145920   22.85
2014.2417590   22.91
2014.2689250   21.01
2014.2960910   19.00
2014.3232570   17.01
2014.3504230   17.28
2014.3775890   16.73
2014.4047560   18.55
2014.4319220   19.65
2014.4590880   18.78
2014.4862540   21.72
2014.5134200   23.74
2014.5405860   24.72
2014.5677520   23.57
2014.5949190   27.67
2014.6220850   29.53
2014.6492510   30.23
2014.6764170   29.83
2014.7035830   31.07
2014.7307490   28.96
2014.7579150   30.19
2014.7850820   33.12
2014.8122480   32.90
2014.8394140   29.77
2014.8665800   29.09
2014.8937460   25.05
2014.9209120   27.36
2014.9480790   33.37
2014.9752450   29.54
2015.0024110   24.19
2015.0295770   27.08
2015.0567430   27.07
2015.0839090   29.85
2015.1110750   29.20
2015.1382420   32.88
2015.1654080   32.07
2015.1925740   29.06
2015.2197400   28.67
2015.2469060   30.33
2015.2740720   29.50
2015.3012390   29.73
2015.3284050   29.61
2015.3555710   27.67
2015.3827370   26.20
2015.4099030   29.70
2015.4370690   31.20
2015.4642350   32.60
2015.4914020   34.37
2015.5185680   34.84
2015.5457340   37.14
2015.5729000   37.83
2015.6000660   39.49
2015.6272320   38.44
2015.6543990   44.93
2015.6815650   44.69
2015.7087310   43.68
2015.7358970   44.29
2015.7630630   45.08
2015.7902290   45.86
2015.8173950   48.19
2015.8445620   44.50
2015.8717280   40.90
2015.8988940   43.87
2015.9260600   41.49
2015.9532260   38.65
2015.9803920   36.58
2016.0075380   34.29
2016.0346300   39.48
2016.0617220   41.82
2016.0888140   36.83
2016.1159060   39.82
2016.1429970   38.90
2016.1700890   39.52
2016.1971810   38.05
2016.2242730   39.81
2016.2513650   36.00
2016.2784570   36.19
2016.3055490   33.58
2016.3326410   32.63
2016.3597330   30.81
2016.3868250   30.14
2016.4139170   32.34
2016.4410090   32.41
2016.4681010   34.58
2016.4951930   34.22
2016.5222840   34.65
2016.5493760   34.63
2016.5764680   32.89
2016.6035600   34.50
2016.6306520   34.45
2016.6577440   38.22
2016.6848360   40.56
2016.7119280   40.44
2016.7390200   37.94
2016.7661120   37.82
2016.7932040   40.39
2016.8202960   40.95
2016.8473880   40.44
2016.8744800   40.96
2016.9015710   43.49
2016.9286630   38.92
2016.9557550   36.51
2016.9828470   35.38
2017.0099660   33.81
2017.0371330   34.49
2017.0642990   33.06
2017.0914650   32.26
2017.1186310   31.44
2017.1457970   33.39
2017.1729630   32.97
2017.2001290   33.46
2017.2272960   34.36
2017.2544620   35.47
2017.2816280   33.59
2017.3087940   33.49
2017.3359600   31.58
2017.3631260   31.58
2017.3902930   28.60
2017.4174590   31.61
2017.4446250   31.70
2017.4717910   32.12
2017.4989570   32.44
2017.5261230   32.91
2017.5532890   34.93
2017.5804560   39.54
2017.6076220   38.96
2017.6347880   39.23
2017.6619540   41.37
2017.6891200   43.69
2017.7162860   44.13
2017.7434530   41.23
2017.7706190   41.36
2017.7977850   41.89
2017.8249510   42.17
2017.8521170   44.09
2017.8792830   42.96
2017.9064490   44.37
2017.9336160   42.68
2017.9607820   41.85
2017.9879480   37.61
2018.0151140   36.71
2018.0422800   37.31
2018.0694460   38.21
2018.0966130   39.38
2018.1237790   36.00
2018.1509450   32.66
2018.1781110   37.27
2018.2052770   37.84
2018.2324430   35.06
2018.2596090   32.72
2018.2867760   34.57
2018.3139420   33.92
2018.3411080   34.08
2018.3682740   33.67
2018.3954400   34.24
2018.4226060   35.94
2018.4497720   35.29
2018.4769390   34.18
2018.5041050   35.57
2018.5312710   38.58
2018.5584370   40.60
2018.5856030   39.41
2018.6127690   41.01
2018.6399360   42.25
2018.6671020   44.46
2018.6942680   48.13
2018.7214340   47.61
2018.7486000   50.82
2018.7757660   48.08
2018.8029320   48.61
2018.8300990   50.25
2018.8572650   47.49
2018.8844310   44.91
2018.9115970   42.51
2018.9387630   43.70
2018.9659290   42.73
2018.9930960   41.71
2019.0202620   40.44
2019.0474280   46.30
2019.0745940   42.73
2019.1017600   44.30
2019.1289260   42.43
2019.1560920   42.53
2019.1832590   43.88
2019.2104250   45.82
2019.2375910   42.98
2019.2647570   41.01
2019.2919230   39.57
2019.3190890   43.22
2019.3462560   44.33
2019.3734220   42.71
2019.4005880   41.59
2019.4277540   41.67
2019.4549200   44.25
2019.4820860   44.24
2019.5092520   44.60
2019.5364190   46.53
2019.5635850   46.23
2019.5907510   47.82
2019.6179170   52.55
2019.6450830   54.65
2019.6722490   53.99
2019.6994150   55.95
2019.7265820   55.48
2019.7537480   52.61
2019.7809140   53.77
2019.8080800   52.41
2019.8352460   51.00
2019.8624120   54.10
2019.8895790   52.82
2019.9167450   51.61
2019.9439110   52.01
2019.9710770   48.77
2019.9982430   48.12
2020.0253400   45.33
2020.0524320   43.15
2020.0795240   44.73
2020.1066160   39.43
2020.1337080   45.91
2020.1608000   45.47
2020.1878910   47.61
2020.2149830   44.04
2020.2420750   44.84
2020.2691670   44.13
2020.2962590   42.18
2020.3233510   43.33
2020.3504430   45.63
2020.3775350   45.03
2020.4046270   42.52
2020.4317190   43.78
2020.4588110   42.08
2020.4859030   44.50
2020.5129950   45.66
2020.5400870   46.80
2020.5671780   47.59
2020.5942700   49.43
2020.6213620   47.90
2020.6484540   50.69
2020.6755460   53.15
2020.7026380   53.94
2020.7297300   52.92
2020.7568220   54.54
2020.7839140   54.75
2020.8110060   53.27
2020.8380980   55.35
2020.8651900   53.34
2020.8922820   48.88
2020.9193740   50.42
2020.9464650   48.37
2020.9735570   48.96
2021.0006510   48.89
2021.0278170   50.11
2021.0549830   50.01
2021.0821500   49.73
2021.1093160   46.80
2021.1364820   45.29
2021.1636480   44.57
2021.1908140   45.58
2021.2179800   46.13
2021.2451460   49.05
2021.2723130   48.61
2021.2994790   47.97
2021.3266450   45.56
2021.3538110   46.14
2021.3809770   47.84
2021.4081430   46.66
2021.4353100   44.45
2021.4624760   47.73
2021.4896420   47.53
2021.5168080   49.79
2021.5439740   48.77
2021.5711400   52.27
2021.5983060   54.69
2021.6254730   56.92
2021.6526390   53.51
2021.6798050   56.57
2021.7069710   59.52
2021.7341370   58.00
2021.7613030   58.81
2021.7884690   59.09
2021.8156360   60.11
2021.8428020   57.18
2021.8699680   53.70
2021.8971340   55.36
2021.9243000   57.39
2021.9514660   52.95
2021.9786330   51.37
2022.0057990   53.03
2022.0329650   54.49
2022.0601310   54.44
2022.0872970   52.60
2022.1144630   53.33
2022.1416290   49.21
2022.1687960   46.58
2022.1959620   49.50
2022.2231280   48.78
2022.2502940   50.13
2022.2774600   51.59
2022.3046260   48.78
2022.3317930   51.09
2022.3589590   46.41
2022.3861250   45.57
2022.4132910   45.17
2022.4404570   47.68
2022.4676230   46.34
2022.4947890   51.75
2022.5219560   53.71
2022.5491220   54.12
2022.5762880   52.20
2022.6034540   52.63
2022.6306200   56.93
2022.6577860   58.18
2022.6849530   60.63
2022.7121190   59.18
2022.7392850   60.44
2022.7664510   60.51
2022.7936170   59.95
2022.8207830   58.80
2022.8479490   60.06
2022.8751160   54.94
2022.9022820   54.75
2022.9294480   54.08
2022.9566140   59.69
2022.9837800   58.27
2023.0109460   54.42
2023.0381130   55.50
2023.0652790   55.45
2023.0924450   53.94
2023.1196110   54.41
2023.1467770   53.45
2023.1739430   53.27
2023.2011090   54.50
2023.2282760   53.67
2023.2554420   51.37
2023.2826080   49.50
2023.3097740   51.33
2023.3369400   51.43
2023.3641060   54.28
2023.3912720   53.40
2023.4184390   55.57
2023.4456050   54.53
2023.4727710   56.20
2023.4999370   59.22
2023.5271030   61.07
2023.5542690   61.01
2023.5814360   65.35
2023.6086020   68.37
2023.6357680   66.58
2023.6629340   68.48
2023.6901000   66.55
2023.7172660   69.79
2023.7444320   72.21
2023.7715990   74.69
2023.7987650   76.42
2023.8259310   69.74
2023.8530970   70.69
2023.8802630   68.77
2023.9074290   67.77
2023.9345960   68.19
2023.9617620   66.58
2023.9889280   65.46
2024.0160500   65.73
2024.0431420   64.19
2024.0702340   63.64
2024.0973260   62.79
2024.1244180   63.72
2024.1515100   65.89
2024.1786020   66.12
2024.2056940   67.83
2024.2327850   67.82
2024.2598770   63.42
2024.2869690   60.64
2024.3140610   60.87
2024.3411530   60.45
2024.3682450   63.20
2024.3953370   64.56
2024.4224290   64.48
2024.4495210   64.37
2024.4766130   59.59
2024.5037050   62.31
2024.5307970   64.13
2024.5578890   61.93
2024.5849810   62.00
2024.6120720   62.08
2024.6391640   65.98
2024.6662560   65.45
2024.6933480   68.62
2024.7204400   67.96
2024.7475320   70.54
2024.7746240   72.12
2024.8017160   69.05
2024.8288080   66.46
2024.8559000   69.77
2024.8829920   70.97
2024.9100840   67.60
2024.9371760   65.14
2024.9642670   66.41
2024.9913590   65.26