1993.0115260  -37.90
1993.0386920  -40.94
1993.0658580  -41.07
1993.0930250  -43.36
1993.1201910  -38.63
1993.1473570  -35.71
1993.1745230  -34.09
1993.2016890  -34.74
1993.2288550  -35.85
1993.2560210  -38.15
1993.2831880  -38.09
1993.3103540  -33.72
1993.3375200  -34.93
1993.3646860  -37.88
1993.3918520  -38.71
1993.4190180  -38.21
1993.4461850  -35.78
1993.4733510  -32.19
1993.5005170  -32.32
1993.5276830  -32.22
1993.5548490  -34.49
1993.5820150  -34.04
1993.6091810  -32.26
1993.6363480  -28.43
1993.6635140  -25.94
1993.6906800  -27.04
1993.7178460  -29.72
1993.7450120  -26.91
1993.7721780  -24.24
1993.7993450  -26.48
1993.8265110  -27.24
1993.8536770  -27.31
1993.8808430  -29.93
1993.9080090  -30.61
1993.9351750  -27.81
1993.9623410  -24.91
1993.9895080  -27.27
1994.0166740  -33.22
1994.0438400  -31.81
1994.0710060  -29.97
1994.0981720  -33.12
1994.1253380  -34.79
1994.1525050  -34.00
1994.1796710  -29.55
1994.2068370  -30.55
1994.2340030  -30.01
1994.2611690  -29.99
1994.2883350  -30.01
1994.3155010  -30.96
1994.3426680  -33.50
1994.3698340  -34.84
1994.3970000  -36.86
1994.4241660  -32.98
1994.4513320  -30.62
1994.4784980  -33.26
1994.5056640  -35.67
1994.5328310  -31.90
1994.5599970  -30.09
1994.5871630  -26.74
1994.6143290  -26.21
1994.6414950  -24.10
1994.6686610  -22.47
1994.6958280  -22.19
1994.7229940  -22.94
1994.7501600  -23.10
1994.7773260  -21.76
1994.8044920  -20.06
1994.8316580  -21.66
1994.8588240  -20.68
1994.8859910  -25.57
1994.9131570  -27.49
1994.9403230  -23.00
1994.9674890  -22.01
1994.9946550  -23.44
1995.0218210  -24.25
1995.0489880  -25.62
1995.0761540  -22.39
1995.1033200  -26.27
1995.1304860  -30.41
1995.1576520  -27.34
1995.1848180  -24.74
1995.2119840  -22.78
1995.2391510  -28.23
1995.2663170  -26.92
1995.2934830  -26.40
1995.3206490  -28.55
1995.3478150  -29.69
1995.3749810  -30.25
1995.4021480  -27.89
1995.4293140  -24.64
1995.4564800  -27.16
1995.4836460  -29.95
1995.5108120  -31.41
1995.5379780  -31.14
1995.5651440  -27.32
1995.5923110  -24.80
1995.6194770  -21.86
1995.6466430  -22.28
1995.6738090  -21.20
1995.7009750  -16.97
1995.7281410  -11.50
1995.7553070  -16.54
1995.7824740  -18.35
1995.8096400  -20.14
1995.8368060  -20.87
1995.8639720  -21.11
1995.8911380  -18.36
1995.9183040  -33.50
1995.9454710  -22.55
1995.9726370  -18.81
1995.9998030  -23.49
1996.0268950  -25.70
1996.0539870  -26.10
1996.0810790  -27.19
1996.1081710  -23.03
1996.1352630  -23.03
1996.1623550  -22.46
1996.1894470  -25.63
1996.2165390  -23.22
1996.2436310  -23.43
1996.2707230  -29.91
1996.2978150  -30.73
1996.3249070  -30.72
1996.3519980  -29.05
1996.3790900  -29.11
1996.4061820  -27.10
1996.4332740  -27.95
1996.4603660  -27.80
1996.4874580  -29.10
1996.5145500  -26.76
1996.5416420  -24.06
1996.5687340  -20.30
1996.5958260  -22.07
1996.6229180  -24.11
1996.6500100  -23.85
1996.6771020  -25.19
1996.7041940  -19.03
1996.7312850  -16.51
1996.7583770  -16.17
1996.7854690  -15.80
1996.8125610  -15.36
1996.8396530  -11.69
1996.8667450  -15.11
1996.8938370  -21.35
1996.9209290  -21.60
1996.9480210  -22.56
1996.9751130  -27.78
1997.0022110  -26.98
1997.0293770  -23.55
1997.0565430  -25.87
1997.0837090  -25.29
1997.1108750  -25.37
1997.1380420  -26.25
1997.1652080  -25.28
1997.1923740  -25.16
1997.2195400  -24.12
1997.2467060  -23.28
1997.2738720  -24.99
1997.3010380  -27.90
1997.3282050  -25.10
1997.3553710  -21.64
1997.3825370  -25.74
1997.4097030  -24.02
1997.4368690  -25.13
1997.4640350  -27.80
1997.4912020  -22.96
1997.5183680  -19.40
1997.5455340  -15.19
1997.5727000  -16.76
1997.5998660  -15.48
1997.6270320  -15.10
1997.6541980  -13.00
1997.6813650  -10.58
1997.7085310   -6.44
1997.7356970   -7.16
1997.7628630   -8.13
1997.7900290  -10.74
1997.8171950   -8.84
1997.8443620   -6.24
1997.8715280  -11.88
1997.8986940  -13.96
1997.9258600  -14.54
1997.9530260  -18.79
1997.9801920  -15.80
1998.0073580  -16.93
1998.0345250  -14.88
1998.0616910  -16.35
1998.0888570  -18.82
1998.1160230  -18.25
1998.1431890  -18.07
1998.1703550  -20.77
1998.1975210  -18.58
1998.2246880  -19.82
1998.2518540  -21.54
1998.2790200  -18.55
1998.3061860  -19.04
1998.3333520  -19.65
1998.3605180  -22.84
1998.3876850  -26.16
1998.4148510  -28.61
1998.4420170  -26.88
1998.4691830  -24.97
1998.4963490  -20.68
1998.5235150  -22.14
1998.5506810  -25.32
1998.5778480  -24.59
1998.6050140  -20.91
1998.6321800  -20.68
1998.6593460  -17.64
1998.6865120  -17.36
1998.7136780  -19.07
1998.7408450  -19.38
1998.7680110  -19.12
1998.7951770  -17.73
1998.8223430  -16.02
1998.8495090  -19.93
1998.8766750  -22.30
1998.9038410  -25.29
1998.9310080  -17.99
1998.9581740  -22.06
1998.9853400  -21.24
1999.0125060  -23.74
1999.0396720  -22.45
1999.0668380  -24.63
1999.0940050  -25.09
1999.1211710  -16.38
1999.1483370  -21.22
1999.1755030  -22.48
1999.2026690  -24.29
1999.2298350  -22.75
1999.2570010  -21.64
1999.2841680  -22.34
1999.3113340  -24.83
1999.3385000  -24.94
1999.3656660  -24.95
1999.3928320  -26.95
1999.4199980  -24.53
1999.4471640  -25.63
1999.4743310  -23.81
1999.5014970  -22.67
1999.5286630  -21.94
1999.5558290  -21.83
1999.5829950  -18.05
1999.6101610  -18.86
1999.6373280  -13.71
1999.6644940  -14.41
1999.6916600  -14.54
1999.7188260  -10.25
1999.7459920  -10.65
1999.7731580   -6.38
1999.8003240   -8.46
1999.8274910  -11.48
1999.8546570  -14.36
1999.8818230  -11.58
1999.9089890  -11.93
1999.9361550  -12.88
1999.9633210  -10.41
1999.9904880  -12.76
2000.0176050  -14.95
2000.0446970  -13.24
2000.0717890  -11.83
2000.0988810  -14.85
2000.1259730  -17.67
2000.1530650  -15.98
2000.1801570  -17.67
2000.2072490  -18.59
2000.2343410  -12.23
2000.2614330  -16.32
2000.2885250  -18.82
2000.3156170  -19.72
2000.3427090  -21.72
2000.3698010  -19.76
2000.3968920  -19.14
2000.4239840  -18.31
2000.4510760  -18.84
2000.4781680  -20.79
2000.5052600  -18.41
2000.5323520  -16.01
2000.5594440  -16.67
2000.5865360  -15.66
2000.6136280  -13.26
2000.6407200  -11.15
2000.6678120  -13.57
2000.6949040  -11.52
2000.7219960   -3.68
2000.7490880   -1.61
2000.7761790   -1.81
2000.8032710   -6.14
2000.8303630   -5.63
2000.8574550   -4.91
2000.8845470   -5.68
2000.9116390   -6.27
2000.9387310  -11.27
2000.9658230  -13.22
2000.9929150   -9.75
2001.0200620   -9.25
2001.0472280   -8.85
2001.0743940  -10.32
2001.1015600  -12.13
2001.1287260  -15.80
2001.1558920  -11.92
2001.1830590   -7.29
2001.2102250  -12.48
2001.2373910   -9.36
2001.2645570  -11.65
2001.2917230  -10.93
2001.3188890  -13.34
2001.3460550  -13.18
2001.3732220  -11.92
2001.4003880  -12.18
2001.4275540  -14.26
2001.4547200  -15.00
2001.4818860   -8.81
2001.5090520   -5.75
2001.5362180   -4.65
2001.5633850   -7.80
2001.5905510   -3.70
2001.6177170   -7.28
2001.6448830   -5.57
2001.6720490   -2.37
2001.6992150    2.75
2001.7263820    2.99
2001.7535480    2.98
2001.7807140   -2.26
2001.8078800   -4.52
2001.8350460    0.66
2001.8622120    2.85
2001.8893780   -2.58
2001.9165450   -5.91
2001.9437110   -5.42
2001.9708770   -6.92
2001.9980430   -3.39
2002.0252090   -7.39
2002.0523750   -7.72
2002.0795420   -5.51
2002.1067080   -8.27
2002.1338740   -7.27
2002.1610400   -4.17
2002.1882060   -8.81
2002.2153720   -8.98
2002.2425380   -9.75
2002.2697050   -8.80
2002.2968710  -12.35
2002.3240370   -9.12
2002.3512030   -9.56
2002.3783690  -10.34
2002.4055350  -12.05
2002.4327020  -13.06
2002.4598680  -10.03
2002.4870340   -9.04
2002.5142000  -10.37
2002.5413660   -7.86
2002.5685320   -5.67
2002.5956980   -3.32
2002.6228650   -0.40
2002.6500310   -3.23
2002.6771970   -2.48
2002.7043630   -0.88
2002.7315290   -0.51
2002.7586950   -1.05
2002.7858610    1.96
2002.8130280    5.84
2002.8401940   -0.02
2002.8673600    0.01
2002.8945260    0.35
2002.9216920   -3.59
2002.9488580   -4.78
2002.9760250   -4.52
2003.0031910   -6.94
2003.0303570   -9.26
2003.0575230   -2.69
2003.0846890   -2.67
2003.1118550   -0.36
2003.1390210   -6.31
2003.1661880   -7.14
2003.1933540   -6.45
2003.2205200   -4.95
2003.2476860   -5.06
2003.2748520   -5.65
2003.3020180   -7.38
2003.3291850   -8.08
2003.3563510   -7.83
2003.3835170   -8.27
2003.4106830   -8.20
2003.4378490  -10.06
2003.4650150   -7.05
2003.4921810   -8.42
2003.5193480   -7.20
2003.5465140   -3.76
2003.5736800   -4.89
2003.6008460   -3.69
2003.6280120   -5.46
2003.6551780    0.51
2003.6823450    3.15
2003.7095110    1.80
2003.7366770    1.54
2003.7638430    3.70
2003.7910090    2.30
2003.8181750    4.39
2003.8453410    0.60
2003.8725080   -0.73
2003.8996740   -5.29
2003.9268400    0.82
2003.9540060   -0.17
2003.9811720   -4.00
2004.0083160   -3.77
2004.0354070    0.93
2004.0624990    0.48
2004.0895910   -1.89
2004.1166830   -8.13
2004.1437750   -3.62
2004.1708670   -3.36
2004.1979590   -5.16
2004.2250510   -4.71
2004.2521430   -2.84
2004.2792350   -5.22
2004.3063270   -3.69
2004.3334190   -7.43
2004.3605110   -9.05
2004.3876030  -12.69
2004.4146940   -9.11
2004.4417860   -9.62
2004.4688780   -7.60
2004.4959700   -2.42
2004.5230620   -2.22
2004.5501540   -2.23
2004.5772460   -3.45
2004.6043380   -1.86
2004.6314300    1.99
2004.6585220    2.82
2004.6856140    3.97
2004.7127060    7.69
2004.7397980    4.10
2004.7668900    4.57
2004.7939810    5.87
2004.8210730    3.17
2004.8481650    3.23
2004.8752570    4.06
2004.9023490    0.19
2004.9294410    2.98
2004.9565330    0.91
2004.9836250    5.43
2005.0107460   -2.03
2005.0379120   -2.91
2005.0650790    0.01
2005.0922450    1.56
2005.1194110    1.54
2005.1465770   -0.25
2005.1737430    3.93
2005.2009090    3.29
2005.2280750   -1.88
2005.2552420   -0.88
2005.2824080    1.81
2005.3095740   -2.82
2005.3367400   -1.19
2005.3639060    0.01
2005.3910720   -0.30
2005.4182390   -0.11
2005.4454050    0.14
2005.4725710    0.64
2005.4997370   -1.12
2005.5269030    2.17
2005.5540690    1.07
2005.5812350    4.19
2005.6084020    2.38
2005.6355680    3.76
2005.6627340    6.59
2005.6899000    7.10
2005.7170660    8.94
2005.7442320    9.56
2005.7713990    9.36
2005.7985650    6.37
2005.8257310    7.09
2005.8528970   10.41
2005.8800630    9.53
2005.9072290    8.87
2005.9343950    6.17
2005.9615620    5.27
2005.9887280    5.78
2006.0158940    2.88
2006.0430600    0.66
2006.0702260    0.60
2006.0973920    1.27
2006.1245590    0.26
2006.1517250    0.76
2006.1788910    3.26
2006.2060570   -2.70
2006.2332230   -0.72
2006.2603890   -0.86
2006.2875550   -2.20
2006.3147220   -2.45
2006.3418880   -2.20
2006.3690540    0.21
2006.3962200    1.89
2006.4233860    0.66
2006.4505520    1.80
2006.4777180    1.97
2006.5048850    3.80
2006.5320510    6.04
2006.5592170    5.57
2006.5863830    5.84
2006.6135490    3.43
2006.6407150    6.97
2006.6678820   10.80
2006.6950480   12.38
2006.7222140   13.80
2006.7493800   10.31
2006.7765460   10.82
2006.8037120   13.00
2006.8308780   12.38
2006.8852110   10.95
2006.9123770    6.39
2006.9395430    8.93
2006.9667090    5.91
2006.9938750    6.60
2007.0210420    4.36
2007.0482080    2.44
2007.0753740    2.48
2007.1025400    3.10
2007.1297060    3.48
2007.1568720    7.08
2007.1840380    3.58
2007.2112050    3.45
2007.2383710    1.37
2007.2655370    4.59
2007.2927030    5.01
2007.3198690    4.57
2007.3470350   -1.15
2007.3742020    1.24
2007.4013680    1.57
2007.4285340    1.99
2007.4557000    1.38
2007.4828660    1.98
2007.5100320    3.34
2007.5371980    2.82
2007.5643650    1.74
2007.5915310    2.83
2007.6186970    9.03
2007.6458630    6.85
2007.6730290    5.59
2007.7001950    6.35
2007.7273610   10.55
2007.7545280    9.57
2007.7816940    9.22
2007.8088600   10.74
2007.8360260    8.33
2007.8631920   10.43
2007.8903580   12.14
2007.9175250   10.43
2007.9446910    8.53
2007.9718570    3.48
2007.9990230    2.77
2008.0261180    4.33
2008.0532100    5.33
2008.0803010    5.34
2008.1073930    1.62
2008.1344850    3.21
2008.1615770    0.00
2008.1886690    3.19
2008.2157610    4.00
2008.2428530    1.46
2008.2699450    1.28
2008.2970370    1.60
2008.3241290   -0.89
2008.3512210    0.51
2008.3783130    4.29
2008.4054050    7.42
2008.4324970    6.16
2008.4595880    6.43
2008.4866800    7.71
2008.5137720    7.79
2008.5408640    8.15
2008.5679560    8.48
2008.5950480    8.01
2008.6221400   11.50
2008.6492320   11.12
2008.6763240   11.75
2008.7034160   10.90
2008.7305080   13.15
2008.7576000   14.52
2008.7846920   14.31
2008.8117840   14.02
2008.8388750   12.33
2008.8659670   12.86
2008.8930590   11.55
2008.9201510   14.90
2008.9472430   10.26
2008.9743350    6.85
2009.0014310    8.18
2009.0285970    7.36
2009.0557630    9.79
2009.0829290    7.03
2009.1100960    5.92
2009.1372620    7.62
2009.1644280    8.33
2009.1915940    9.21
2009.2187600   10.01
2009.2459260    8.33
2009.2730920    7.23
2009.3002590    7.84
2009.3274250    6.76
2009.3545910    7.10
2009.3817570    6.25
2009.4089230    5.11
2009.4360890    7.77
2009.4632560    8.19
2009.4904220    6.80
2009.5175880    7.15
2009.5447540   10.71
2009.5719200   15.08
2009.5990860   13.60
2009.6262520   14.72
2009.6534190   16.64
2009.6805850   18.11
2009.7077510   20.48
2009.7349170   21.04
2009.7620830   20.31
2009.7892490   20.92
2009.8164150   22.80
2009.8435820   23.93
2009.8707480   20.20
2009.8979140   20.18
2009.9250800   16.96
2009.9522460   13.98
2009.9794120   18.95
2010.0065790   14.31
2010.0337450   14.03
2010.0609110   12.57
2010.0880770   10.11
2010.1152430   13.88
2010.1424090   16.79
2010.1695750   19.33
2010.1967420   11.80
2010.2239080   12.38
2010.2510740   10.94
2010.2782400   12.38
2010.3054060   11.70
2010.3325720   10.19
2010.3597390   10.58
2010.3869050   14.48
2010.4140710   13.49
2010.4412370   14.01
2010.4684030   14.94
2010.4955690   15.27
2010.5227350   13.41
2010.5499020   15.00
2010.5770680   14.12
2010.6042340   13.52
2010.6314000   16.07
2010.6585660   12.59
2010.6857320   14.72
2010.7128990   15.84
2010.7400650   15.34
2010.7672310   14.20
2010.7943970   18.72
2010.8215630   16.97
2010.8487290   14.88
2010.8758950   14.44
2010.9030620   10.51
2010.9302280   10.65
2010.9573940   10.76
2010.9845600   12.51
2011.0117260    9.70
2011.0388920    8.17
2011.0660590    8.70
2011.0932250    9.05
2011.1203910    9.16
2011.1475570    9.16
2011.1747230    8.34
2011.2018890    8.08
2011.2290550    3.48
2011.2562220    5.65
2011.2833880    6.24
2011.3105540    5.91
2011.3377200    2.23
2011.3648860    6.77
2011.3920520    7.94
2011.4192180    7.05
2011.4463850   10.61
2011.4735510   13.66
2011.5007170   11.37
2011.5278830   11.86
2011.5550490   11.85
2011.5822150   13.75
2011.6093820   18.70
2011.6365480   19.45
2011.6637140   21.08
2011.6908800   19.69
2011.7180460   18.69
2011.7452120   21.06
2011.7723780   23.13
2011.7995450   24.60
2011.8267110   18.83
2011.8538770   16.46
2011.8810430   17.15
2011.9082090   20.17
2011.9353750   18.62
2011.9625420   17.75
2011.9897080   16.86
2012.0168280   19.19
2012.0439200   18.26
2012.0710120   20.16
2012.0981040   19.25
2012.1251950   20.15
2012.1522870   19.29
2012.1793790   17.34
2012.2064710   16.85
2012.2335630   17.42
2012.2606550   16.48
2012.2877470   17.78
2012.3148390   17.92
2012.3419310   16.77
2012.3690230   17.24
2012.3961150   16.49
2012.4232070   18.23
2012.4502990   22.33
2012.4773910   20.62
2012.5044820   21.35
2012.5315740   25.57
2012.5586660   27.57
2012.5857580   26.61
2012.6128500   27.71
2012.6399420   24.65
2012.6670340   29.19
2012.6941260   29.67
2012.7212180   33.42
2012.7483100   33.65
2012.7754020   33.92
2012.8024940   31.48
2012.8295860   31.41
2012.8566770   31.65
2012.8837690   30.61
2012.9108610   29.94
2012.9379530   32.75
2012.9650450   28.25
2012.9921370   29.26
2013.0192820   27.27
2013.0464480   26.42
2013.0736140   29.10
2013.1007800   28.40
2013.1279460   26.12
2013.1551130   26.12
2013.1822790   27.40
2013.2094450   26.64
2013.2366110   26.65
2013.2637770   25.19
2013.2909430   20.94
2013.3181090   22.90
2013.3452760   22.64
2013.3724420   20.50
2013.3996080   20.22
2013.4267740   20.53
2013.4539400   20.47
2013.4811060   22.56
2013.5082720   21.79
2013.5354390   22.42
2013.5626050   25.56
2013.5897710   26.44
2013.6169370   23.25
2013.6441030   26.43
2013.6712690   28.52
2013.6984360   30.26
2013.7256020   30.33
2013.7527680   30.83
2013.7799340   29.95
2013.8071000   32.38
2013.8342660   33.08
2013.8614320   31.46
2013.8885990   31.71
2013.9157650   30.66
2013.9429310   26.01
2013.9700970   26.04
2013.9972630   27.35
2014.0244290   26.65
2014.0515960   28.03
2014.0787620   27.27
2014.1059280   27.83
2014.1330940   29.14
2014.1602600   29.84
2014.1874260   29.16
2014.2145920   28.00
2014.2417590   28.05
2014.2689250   26.19
2014.2960910   24.19
2014.3232570   22.19
2014.3504230   22.47
2014.3775890   21.94
2014.4047560   23.79
2014.4319220   24.87
2014.4590880   24.00
2014.4862540   26.99
2014.5134200   28.98
2014.5405860   29.97
2014.5677520   28.81
2014.5949190   32.91
2014.6220850   34.81
2014.6492510   35.51
2014.6764170   35.11
2014.7035830   36.36
2014.7307490   34.25
2014.7579150   35.49
2014.7850820   38.40
2014.8122480   38.22
2014.8394140   35.10
2014.8665800   34.39
2014.8937460   30.37
2014.9209120   32.70
2014.9480790   38.70
2014.9752450   34.88
2015.0024110   29.55
2015.0295770   32.40
2015.0567430   32.43
2015.0839090   35.20
2015.1110750   34.56
2015.1382420   38.23
2015.1654080   37.44
2015.1925740   34.42
2015.2197400   34.11
2015.2469060   35.74
2015.2740720   34.92
2015.3012390   35.14
2015.3284050   35.09
2015.3555710   33.15
2015.3827370   31.64
2015.4099030   35.14
2015.4370690   36.65
2015.4642350   38.06
2015.4914020   39.83
2015.5185680   40.35
2015.5457340   42.66
2015.5729000   43.35
2015.6000660   45.05
2015.6272320   43.99
2015.6543990   50.48
2015.6815650   50.23
2015.7087310   49.22
2015.7358970   49.85
2015.7630630   50.63
2015.7902290   51.42
2015.8173950   53.74
2015.8445620   50.05
2015.8717280   46.42
2015.8988940   49.44
2015.9260600   47.05
2015.9532260   44.21
2015.9803920   42.16
2016.0075380   39.85
2016.0346300   45.06
2016.0617220   47.42
2016.0888140   42.40
2016.1159060   45.41
2016.1429970   44.53
2016.1700890   45.17
2016.1971810   43.68
2016.2242730   45.46
2016.2513650   41.64
2016.2784570   41.87
2016.3055490   39.26
2016.3326410   38.30
2016.3597330   36.49
2016.3868250   35.85
2016.4139170   37.99
2016.4410090   38.13
2016.4681010   40.34
2016.4951930   39.95
2016.5222840   40.38
2016.5493760   40.39
2016.5764680   38.64
2016.6035600   40.28
2016.6306520   40.22
2016.6577440   44.00
2016.6848360   46.35
2016.7119280   46.24
2016.7390200   43.74
2016.7661120   43.62
2016.7932040   46.17
2016.8202960   46.76
2016.8473880   46.24
2016.8744800   46.78
2016.9015710   49.32
2016.9286630   44.75
2016.9557550   42.31
2016.9828470   41.19
2017.0099660   39.64
2017.0371330   40.32
2017.0642990   38.88
2017.0914650   38.10
2017.1186310   37.29
2017.1457970   39.25
2017.1729630   38.85
2017.2001290   39.33
2017.2272960   40.23
2017.2544620   41.36
2017.2816280   39.51
2017.3087940   39.43
2017.3359600   37.52
2017.3631260   37.55
2017.3902930   34.54
2017.4174590   37.52
2017.4446250   37.64
2017.4717910   38.05
2017.4989570   38.42
2017.5261230   38.89
2017.5532890   40.92
2017.5804560   45.52
2017.6076220   44.98
2017.6347880   45.26
2017.6619540   47.38
2017.6891200   49.74
2017.7162860   50.18
2017.7434530   47.29
2017.7706190   47.39
2017.7977850   47.96
2017.8249510   48.21
2017.8521170   50.14
2017.8792830   48.99
2017.9064490   50.41
2017.9336160   48.75
2017.9607820   47.91
2017.9879480   43.68
2018.0151140   42.77
2018.0422800   43.37
2018.0694460   44.29
2018.0966130   45.49
2018.1237790   42.09
2018.1509450   38.77
2018.1781110   43.38
2018.2052770   43.97
2018.2324430   41.23
2018.2596090   38.88
2018.2867760   40.72
2018.3139420   40.10
2018.3411080   40.27
2018.3682740   39.87
2018.3954400   40.43
2018.4226060   42.15
2018.4497720   41.48
2018.4769390   40.42
2018.5041050   41.78
2018.5312710   44.76
2018.5584370   46.78
2018.5856030   45.64
2018.6127690   47.27
2018.6399360   48.52
2018.6671020   50.74
2018.6942680   54.40
2018.7214340   53.89
2018.7486000   57.09
2018.7757660   54.37
2018.8029320   54.89
2018.8300990   56.53
2018.8572650   53.75
2018.8844310   51.19
2018.9115970   48.79
2018.9387630   49.98
2018.9659290   49.02
2018.9930960   48.02
2019.0202620   46.76
2019.0474280   52.62
2019.0745940   49.05
2019.1017600   50.63
2019.1289260   48.77
2019.1560920   48.83
2019.1832590   50.31
2019.2104250   52.19
2019.2375910   49.37
2019.2647570   47.50
2019.2919230   45.95
2019.3190890   49.63
2019.3462560   50.79
2019.3734220   49.17
2019.4005880   48.03
2019.4277540   48.10
2019.4549200   50.66
2019.4820860   50.64
2019.5092520   51.04
2019.5364190   52.97
2019.5635850   52.69
2019.5907510   54.30
2019.6179170   59.01
2019.6450830   61.12
2019.6722490   60.45
2019.6994150   62.41
2019.7265820   61.96
2019.7537480   59.12
2019.7809140   60.31
2019.8080800   58.92
2019.8352460   57.55
2019.8624120   60.62
2019.8895790   59.36
2019.9167450   58.15
2019.9439110   58.52
2019.9710770   55.29
2019.9982430   54.68
2020.0253400   51.88
2020.0524320   49.70
2020.0795240   51.32
2020.1066160   46.24
2020.1337080   52.48
2020.1608000   52.08
2020.1878910   54.23
2020.2149830   50.66
2020.2420750   51.48
2020.2691670   50.79
2020.2962590   48.83
2020.3233510   49.98
2020.3504430   52.30
2020.3775350   51.68
2020.4046270   49.21
2020.4317190   50.47
2020.4588110   48.84
2020.4859030   51.20
2020.5129950   52.35
2020.5400870   53.51
2020.5671780   54.30
2020.5942700   56.17
2020.6213620   54.63
2020.6484540   57.45
2020.6755460   59.88
2020.7026380   60.67
2020.7297300   59.71
2020.7568220   61.29
2020.7839140   61.50
2020.8110060   59.99
2020.8380980   62.20
2020.8651900   60.12
2020.8922820   55.68
2020.9193740   57.20
2020.9464650   55.14
2020.9735570   55.75
2021.0006510   55.69
2021.0278170   56.92
2021.0549830   56.82
2021.0821500   56.53
2021.1093160   53.62
2021.1364820   52.12
2021.1636480   51.43
2021.1908140   52.46
2021.2179800   52.99
2021.2451460   55.95
2021.2723130   55.49
2021.2994790   54.84
2021.3266450   52.46
2021.3538110   53.05
2021.3809770   54.76
2021.4081430   53.59
2021.4353100   51.40
2021.4624760   54.67
2021.4896420   54.47
2021.5168080   56.81
2021.5439740   55.74
2021.5711400   59.21
2021.5983060   61.68
2021.6254730   63.91
2021.6526390   60.52
2021.6798050   63.61
2021.7069710   66.52
2021.7341370   64.99
2021.7613030   65.82
2021.7884690   66.10
2021.8156360   67.15
2021.8428020   64.20
2021.8699680   60.73
2021.8971340   62.40
2021.9243000   64.44
2021.9514660   59.98
2021.9786330   58.38
2022.0057990   60.03
2022.0329650   61.52
2022.0601310   61.47
2022.0872970   59.67
2022.1144630   60.39
2022.1416290   56.28
2022.1687960   53.65
2022.1959620   56.56
2022.2231280   55.89
2022.2502940   57.29
2022.2774600   58.74
2022.3046260   55.91
2022.3317930   58.25
2022.3589590   53.61
2022.3861250   52.70
2022.4132910   52.32
2022.4404570   54.85
2022.4676230   53.53
2022.4947890   58.91
2022.5219560   60.94
2022.5491220   61.30
2022.5762880   59.44
2022.6034540   59.96
2022.6306200   64.17
2022.6577860   65.40
2022.6849530   67.89
2022.7121190   66.39
2022.7392850   67.69
2022.7664510   67.78
2022.7936170   67.25
2022.8207830   66.06
2022.8479490   67.37
2022.8751160   62.25
2022.9022820   62.06
2022.9294480   61.38
2022.9566140   66.96
2022.9837800   65.53
2023.0109460   61.70
2023.0381130   62.80
2023.0652790   62.76
2023.0924450   61.24
2023.1196110   61.75
2023.1467770   60.78
2023.1739430   60.59
2023.2011090   61.86
2023.2282760   61.04
2023.2554420   58.75
2023.2826080   56.88
2023.3097740   58.74
2023.3369400   58.86
2023.3641060   61.74
2023.3912720   60.80
2023.4184390   62.98
2023.4456050   61.93
2023.4727710   63.63
2023.4999370   66.65
2023.5271030   68.47
2023.5542690   68.44
2023.5814360   72.80
2023.6086020   75.86
2023.6357680   74.07
2023.6629340   75.96
2023.6901000   74.05
2023.7172660   77.26
2023.7444320   79.68
2023.7715990   82.19
2023.7987650   83.85
2023.8259310   77.24
2023.8530970   78.21
2023.8802630   76.27
2023.9074290   75.25
2023.9345960   75.67
2023.9617620   74.08
2023.9889280   72.97
2024.0160500   73.27
2024.0431420   71.69
2024.0702340   71.23
2024.0973260   70.34
2024.1244180   71.26
2024.1515100   73.45
2024.1786020   73.72
2024.2056940   75.42
2024.2327850   75.43
2024.2598770   71.06
2024.2869690   68.26
2024.3140610   68.49
2024.3411530   68.06
2024.3682450   70.87
2024.3953370   72.18
2024.4224290   72.12
2024.4495210   72.04
2024.4766130   67.29
2024.5037050   69.98
2024.5307970   71.85
2024.5578890   69.63
2024.5849810   69.70
2024.6120720   69.84
2024.6391640   73.75
2024.6662560   73.14
2024.6933480   76.33
2024.7204400   75.65
2024.7475320   78.28
2024.7746240   79.84
2024.8017160   76.82
2024.8288080   74.22
2024.8559000   77.54
2024.8829920   78.74
2024.9100840   75.32
2024.9371760   72.93
2024.9642670   74.17
2024.9913590   73.04